year        tco2         alk     d13Cocn        pCO2     d13Catm     CO3   WeatC   WeatS    TotW    BurC   Degas    Tatm        Tocn
     -950.00000        2.18057        2.48073        0.00000      272.64361       -7.00000      233.55714        8.38929        7.50000       15.88929       15.88929        7.50000       14.88477        4.88477
     -900.00000        2.18057        2.48073        0.00000      272.64361       -7.00000      233.55714        8.38929        7.50000       15.88929       15.88929        7.50000       14.88477        4.88477
     -850.00000        2.18057        2.48073        0.00000      272.64361       -7.00000      233.55714        8.38929        7.50000       15.88929       15.88929        7.50000       14.88477        4.88477
     -800.00000        2.18057        2.48073        0.00000      272.64361       -7.00000      233.55714        8.38929        7.50000       15.88929       15.88929        7.50000       14.88477        4.88477
     -750.00000        2.18057        2.48073        0.00000      272.64361       -7.00000      233.55714        8.38929        7.50000       15.88929       15.88929        7.50000       14.88477        4.88477
     -700.00000        2.18057        2.48073        0.00000      272.64361       -7.00000      233.55714        8.38929        7.50000       15.88929       15.88929        7.50000       14.88477        4.88477
     -650.00000        2.18057        2.48073        0.00000      272.64361       -7.00000      233.55714        8.38929        7.50000       15.88929       15.88929        7.50000       14.88477        4.88477
     -600.00000        2.18057        2.48073        0.00000      272.64361       -7.00000      233.55714        8.38929        7.50000       15.88929       15.88929        7.50000       14.88477        4.88477
     -550.00000        2.18057        2.48073        0.00000      272.64361       -7.00000      233.55714        8.38929        7.50000       15.88929       15.88929        7.50000       14.88477        4.88477
     -500.00000        2.18057        2.48073        0.00000      272.64361       -7.00000      233.55714        8.38929        7.50000       15.88929       15.88929        7.50000       14.88477        4.88477
     -450.00000        2.18057        2.48073        0.00000      272.64361       -7.00000      233.55714        8.38929        7.50000       15.88929       15.88929        7.50000       14.88477        4.88477
     -400.00000        2.18057        2.48073        0.00000      272.64361       -7.00000      233.55714        8.38929        7.50000       15.88929       15.88929        7.50000       14.88477        4.88477
     -350.00000        2.18057        2.48073        0.00000      272.64361       -7.00000      233.55714        8.38929        7.50000       15.88929       15.88929        7.50000       14.88477        4.88477
     -300.00000        2.18057        2.48073        0.00000      272.64361       -7.00000      233.55714        8.38929        7.50000       15.88929       15.88929        7.50000       14.88477        4.88477
     -250.00000        2.18057        2.48073        0.00000      272.64361       -7.00000      233.55714        8.38929        7.50000       15.88929       15.88929        7.50000       14.88477        4.88477
     -200.00000        2.18057        2.48073        0.00000      272.64361       -7.00000      233.55714        8.38929        7.50000       15.88929       15.88929        7.50000       14.88477        4.88477
     -150.00000        2.18057        2.48073        0.00000      272.64361       -7.00000      233.55714        8.38929        7.50000       15.88929       15.88929        7.50000       14.88477        4.88477
     -100.00000        2.18057        2.48073        0.00000      272.64361       -7.00000      233.55714        8.38929        7.50000       15.88929       15.88929        7.50000       14.88477        4.88477
      -50.00000        2.18057        2.48073        0.00000      272.64361       -7.00000      233.55714        8.38929        7.50000       15.88929       15.88929        7.50000       14.88477        4.88477
        0.00000        2.18057        2.48073        0.00000      273.39361       -6.98080      233.55714        8.38929        7.50000       15.88929       15.88929       10.00000       14.88477        4.88477
       50.00000        2.18059        2.48073        0.00001      274.03782       -6.96493      233.57448        8.39748        7.50733       15.90481       15.89362       10.00000       14.89666        4.88536
      100.00000        2.18061        2.48073        0.00003      274.59416       -6.95182      233.57955        8.40451        7.51361       15.91812       15.89489       10.00000       14.90684        4.88644
      150.00000        2.18065        2.48074        0.00006      275.07750       -6.94097      233.57453        8.41057        7.51903       15.92960       15.89363       10.00000       14.91562        4.88790
      200.00000        2.18070        2.48074        0.00010      275.50019       -6.93200      233.56124        8.41583        7.52373       15.93956       15.89031       10.00000       14.92323        4.88966
      250.00000        2.18075        2.48075        0.00014      275.87248       -6.92458      233.54116        8.42043        7.52784       15.94826       15.88529       10.00000       14.92988        4.89167
      300.00000        2.18081        2.48075        0.00019      276.20288       -6.91843      233.51554        8.42447        7.53145       15.95592       15.87889       10.00000       14.93572        4.89388
      350.00000        2.18088        2.48076        0.00023      276.49844       -6.91334      233.48541        8.42805        7.53466       15.96271       15.87135       10.00000       14.94090        4.89623
      400.00000        2.18095        2.48077        0.00029      276.76502       -6.90913      233.45162        8.43126        7.53752       15.96878       15.86291       10.00000       14.94553        4.89869
      450.00000        2.18102        2.48078        0.00034      277.00747       -6.90565      233.41487        8.43414        7.54010       15.97424       15.85372       10.00000       14.94970        4.90124
      500.00000        2.18110        2.48079        0.00040      277.22982       -6.90276      233.37575        8.43677        7.54245       15.97922       15.84394       10.00000       14.95349        4.90386
      550.00000        2.18118        2.48080        0.00046      277.43543       -6.90038      233.33474        8.43917        7.54460       15.98377       15.83369       10.00000       14.95697        4.90651
      600.00000        2.18126        2.48082        0.00052      277.62704       -6.89841      233.29224        8.44140        7.54659       15.98798       15.82306       10.00000       14.96018        4.90920
      650.00000        2.18135        2.48083        0.00058      277.80698       -6.89678      233.24859        8.44347        7.54844       15.99191       15.81215       10.00000       14.96316        4.91189
      700.00000        2.18143        2.48085        0.00064      277.97714       -6.89543      233.20405        8.44541        7.55018       15.99559       15.80101       10.00000       14.96597        4.91460
      750.00000        2.18152        2.48086        0.00071      278.13911       -6.89432      233.15886        8.44725        7.55182       15.99907       15.78971       10.00000       14.96862        4.91730
      800.00000        2.18161        2.48088        0.00077      278.29420       -6.89341      233.11320        8.44900        7.55338       16.00238       15.77830       10.00000       14.97114        4.91999
      850.00000        2.18170        2.48090        0.00084      278.44350       -6.89265      233.06722        8.45067        7.55488       16.00555       15.76681       10.00000       14.97355        4.92267
      900.00000        2.18179        2.48092        0.00090      278.58791       -6.89203      233.02106        8.45228        7.55632       16.00860       15.75526       10.00000       14.97587        4.92533
      950.00000        2.18189        2.48095        0.00097      278.72818       -6.89152      232.97481        8.45384        7.55771       16.01155       15.74370       10.00000       14.97812        4.92797
     1000.00000        2.18198        2.48097        0.00103      278.86493       -6.89111      232.92857        8.45535        7.55906       16.01441       15.73214       10.00000       14.98030        4.93058
     1500.00000        2.18297        2.48127        0.00169      280.11893       -6.88959      232.47716        8.46903        7.57129       16.04032       15.61929       10.00000       14.99999        4.95530
     2000.00000        2.18403        2.48168        0.00233      281.27414       -6.88961      232.05871        8.48150        7.58244       16.06393       15.51468       10.00000       15.01791        4.97753
     2500.00000        2.18513        2.48219        0.00296      282.37650       -6.88985      231.67624        8.49334        7.59302       16.08637       15.41906       10.00000       15.03492        4.99780
     3000.00000        2.18629        2.48280        0.00357      283.43560       -6.89009      231.32779        8.50469        7.60317       16.10786       15.33195       10.00000       15.05119        5.01658
     3500.00000        2.18749        2.48349        0.00417      284.45532       -6.89032      231.01082        8.51558        7.61291       16.12849       15.25270       10.00000       15.06680        5.03420
     4000.00000        2.18873        2.48426        0.00475      285.43852       -6.89053      230.72286        8.52606        7.62228       16.14834       15.18071       10.00000       15.08179        5.05086
     4500.00000        2.19001        2.48511        0.00532      286.38773       -6.89072      230.46165        8.53616        7.63130       16.16746       15.11541       10.00000       15.09622        5.06672
     5000.00000        2.19133        2.48602        0.00587      287.30533       -6.89089      230.22509        8.54589        7.64000       16.18589       15.05627       10.00000       15.11011        5.08187
     5500.00000        2.19267        2.48700        0.00642      288.19351       -6.89104      230.01125        8.55529        7.64841       16.20370       15.00281       10.00000       15.12352        5.09640
     6000.00000        2.19405        2.48803        0.00695      289.05433       -6.89118      229.81835        8.56438        7.65653       16.22091       14.95459       10.00000       15.13647        5.11038
     6500.00000        2.19545        2.48911        0.00747      289.88972       -6.89130      229.64476        8.57318        7.66440       16.23759       14.91119       10.00000       15.14900        5.12384
     7000.00000        2.19687        2.49024        0.00799      290.70144       -6.89142      229.48896        8.58172        7.67203       16.25375       14.87224       10.00000       15.16114        5.13683
     7500.00000        2.19832        2.49142        0.00849      291.49117       -6.89152      229.34957        8.59001        7.67944       16.26945       14.83739       10.00000       15.17292        5.14939
     8000.00000        2.19978        2.49263        0.00898      292.26045       -6.89161      229.22530        8.59807        7.68665       16.28472       14.80633       10.00000       15.18436        5.16156
     8500.00000        2.20127        2.49388        0.00947      293.01072       -6.89169      229.11498        8.60591        7.69366       16.29957       14.77875       10.00000       15.19548        5.17336
     9000.00000        2.20277        2.49517        0.00994      293.74331       -6.89176      229.01751        8.61356        7.70050       16.31405       14.75438       10.00000       15.20632        5.18482
     9500.00000        2.20428        2.49649        0.01041      294.45948       -6.89183      228.93190        8.62102        7.70717       16.32818       14.73297       10.00000       15.21688        5.19597
    10000.00000        2.20581        2.49783        0.01087      295.16038       -6.89188      228.85720        8.62831        7.71368       16.34199       14.71430       10.00000       15.22720        5.20682
    10500.00000        2.20735        2.49920        0.01133      295.84707       -6.89194      228.79258        8.63544        7.72006       16.35549       14.69815       10.00000       15.23728        5.21740
    11000.00000        2.20890        2.50059        0.01178      296.52056       -6.89198      228.73725        8.64242        7.72630       16.36871       14.68431       10.00000       15.24714        5.22773
    11500.00000        2.21047        2.50201        0.01222      297.18177       -6.89202      228.69047        8.64926        7.73241       16.38167       14.67262       10.00000       15.25680        5.23782
    12000.00000        2.21204        2.50344        0.01265      297.83155       -6.89206      228.65158        8.65597        7.73842       16.39439       14.66290       10.00000       15.26627        5.24769
    12500.00000        2.21361        2.50490        0.01308      298.47071       -6.89209      228.61996        8.66256        7.74431       16.40687       14.65499       10.00000       15.27557        5.25736
    13000.00000        2.21520        2.50636        0.01351      299.09998       -6.89212      228.59504        8.66905        7.75010       16.41915       14.64876       10.00000       15.28470        5.26684
    13500.00000        2.21679        2.50785        0.01392      299.72004       -6.89214      228.57630        8.67542        7.75581       16.43123       14.64408       10.00000       15.29368        5.27614
    14000.00000        2.21839        2.50934        0.01434      300.33153       -6.89216      228.56325        8.68170        7.76142       16.44312       14.64081       10.00000       15.30251        5.28528
    14500.00000        2.21999        2.51085        0.01475      300.93504       -6.89218      228.55544        8.68789        7.76695       16.45484       14.63886       10.00000       15.31121        5.29427
    15000.00000        2.22160        2.51237        0.01515      301.53111       -6.89220      228.55246        8.69399        7.77241       16.46640       14.63811       10.00000       15.31979        5.30311
    15500.00000        2.22321        2.51390        0.01555      302.12025       -6.89221      228.55392        8.70002        7.77779       16.47781       14.63848       10.00000       15.32825        5.31182
    16000.00000        2.22482        2.51544        0.01594      302.70292       -6.89222      228.55949        8.70597        7.78311       16.48908       14.63987       10.00000       15.33660        5.32040
    16500.00000        2.22643        2.51698        0.01634      303.27956       -6.89223      228.56882        8.71185        7.78837       16.50022       14.64221       10.00000       15.34485        5.32886
    17000.00000        2.22805        2.51853        0.01672      303.85057       -6.89224      228.58163        8.71766        7.79357       16.51123       14.64541       10.00000       15.35300        5.33721
    17500.00000        2.22967        2.52009        0.01711      304.41632       -6.89224      228.59763        8.72342        7.79871       16.52213       14.64941       10.00000       15.36106        5.34546
    18000.00000        2.23129        2.52166        0.01749      304.97716       -6.89224      228.61658        8.72911        7.80380       16.53292       14.65414       10.00000       15.36903        5.35362
    18500.00000        2.23291        2.52322        0.01786      305.53339       -6.89225      228.63823        8.73476        7.80885       16.54360       14.65956       10.00000       15.37692        5.36168
    19000.00000        2.23453        2.52480        0.01824      306.08533       -6.89225      228.66236        8.74035        7.81385       16.55420       14.66559       10.00000       15.38474        5.36966
    19500.00000        2.23615        2.52637        0.01860      306.63324       -6.89225      228.68879        8.74589        7.81880       16.56470       14.67220       10.00000       15.39249        5.37755
    20000.00000        2.23777        2.52795        0.01897      307.17737       -6.89225      228.71732        8.75139        7.82372       16.57511       14.67933       10.00000       15.40017        5.38537
    20500.00000        2.23939        2.52953        0.01933      307.71796       -6.89225      228.74777        8.75685        7.82860       16.58544       14.68694       10.00000       15.40779        5.39312
    21000.00000        2.24101        2.53111        0.01969      308.25522       -6.89225      228.78000        8.76226        7.83344       16.59570       14.69500       10.00000       15.41534        5.40080
    21500.00000        2.24263        2.53270        0.02005      308.78936       -6.89224      228.81386        8.76764        7.83825       16.60589       14.70347       10.00000       15.42284        5.40842
    22000.00000        2.24425        2.53429        0.02040      309.32057       -6.89224      228.84922        8.77298        7.84302       16.61601       14.71230       10.00000       15.43029        5.41598
    22500.00000        2.24587        2.53587        0.02075      309.84900       -6.89224      228.88594        8.77829        7.84777       16.62606       14.72148       10.00000       15.43768        5.42348
    23000.00000        2.24749        2.53746        0.02110      310.37483       -6.89223      228.92391        8.78357        7.85249       16.63605       14.73098       10.00000       15.44502        5.43092
    23500.00000        2.24910        2.53905        0.02145      310.89819       -6.89223      228.96304        8.78881        7.85717       16.64598       14.74076       10.00000       15.45232        5.43832
    24000.00000        2.25072        2.54063        0.02179      311.41923       -6.89223      229.00322        8.79403        7.86184       16.65586       14.75080       10.00000       15.45957        5.44566
    24500.00000        2.25233        2.54222        0.02213      311.93807       -6.89222      229.04436        8.79921        7.86647       16.66569       14.76109       10.00000       15.46678        5.45296
    25000.00000        2.25394        2.54381        0.02247      312.45482       -6.89222      229.08637        8.80437        7.87109       16.67546       14.77159       10.00000       15.47395        5.46021
    30000.00000        2.26991        2.55961        0.02572      317.52796       -6.89217      229.54057        8.85473        7.91610       16.77083       14.88514       10.00000       15.54369        5.53062
    35000.00000        2.28561        2.57520        0.02875      322.47245       -6.89214      230.02649        8.90328        7.95951       16.86279       15.00662       10.00000       15.61059        5.59802
    40000.00000        2.30101        2.59053        0.03158      327.32301       -6.89214      230.52025        8.95042        8.00165       16.95207       15.13006       10.00000       15.67523        5.66307
    45000.00000        2.31611        2.60556        0.03424      332.09563       -6.89218      231.01123        8.99634        8.04271       17.03905       15.25281       10.00000       15.73790        5.72610
    50000.00000        2.33089        2.62030        0.03672      336.79770       -6.89225      231.49484        9.04115        8.08277       17.12392       15.37371       10.00000       15.79877        5.78730
    55000.00000        2.34537        2.63473        0.03905      341.43270       -6.89236      231.96914        9.08491        8.12188       17.20679       15.49228       10.00000       15.85794        5.84679
    60000.00000        2.35955        2.64887        0.04122      346.00237       -6.89251      232.43343        9.12765        8.16010       17.28775       15.60836       10.00000       15.91550        5.90465
    65000.00000        2.37344        2.66272        0.04326      350.50766       -6.89270      232.88754        9.16943        8.19744       17.36687       15.72189       10.00000       15.97150        5.96095
    70000.00000        2.38704        2.67629        0.04515      354.95314       -6.89292      233.32984        9.21029        8.23398       17.44427       15.83246       10.00000       16.02607        6.01578
    75000.00000        2.40036        2.68958        0.04692      359.32950       -6.89318      233.76500        9.25018        8.26964       17.51982       15.94125       10.00000       16.07912        6.06912
    80000.00000        2.41340        2.70260        0.04856      363.64394       -6.89347      234.18986        9.28919        8.30451       17.59369       16.04747       10.00000       16.13079        6.12105
    85000.00000        2.42618        2.71535        0.05009      367.89636       -6.89380      234.60498        9.32733        8.33860       17.66593       16.15124       10.00000       16.18112        6.17163
    90000.00000        2.43870        2.72784        0.05150      372.08697       -6.89416      235.01074        9.36462        8.37195       17.73656       16.25269       10.00000       16.23016        6.22091
    95000.00000        2.45096        2.74008        0.05281      376.21610       -6.89455      235.40746        9.40109        8.40455       17.80564       16.35186       10.00000       16.27793        6.26893
   100000.00000        2.46297        2.75207        0.05402      380.28419       -6.89497      235.79538        9.43675        8.43643       17.87319       16.44884       10.00000       16.32449        6.31572
   150000.00000        2.57050        2.85948        0.06152      417.72364       -6.90061      239.23833        9.75346        8.71957       18.47302       17.30958       10.00000       16.73101        6.72416
   200000.00000        2.65843        2.94737        0.06313      449.69087       -6.90807      242.01329       10.00897        8.94799       18.95696       18.00332       10.00000       17.05024        7.04483
   250000.00000        2.73057        3.01952        0.06125      476.82696       -6.91644      244.26335       10.21636        9.13340       19.34976       18.56584       10.00000       17.30389        7.29957
   300000.00000        2.78992        3.07889        0.05740      499.76501       -6.92506      246.09673       10.38551        9.28462       19.67014       19.02418       10.00000       17.50729        7.50381
   350000.00000        2.83886        3.12787        0.05256      519.09712       -6.93351      247.59659       10.52403        9.40845       19.93248       19.39915       10.00000       17.67159        7.66877
   400000.00000        2.87929        3.16834        0.04733      535.35131       -6.94151      248.82770       10.63781        9.51017       20.14798       19.70692       10.00000       17.80506        7.80276
   450000.00000        2.91275        3.20182        0.04209      548.99372       -6.94890      249.84086       10.73150        9.59394       20.32544       19.96022       10.00000       17.91399        7.91211
   500000.00000        2.94047        3.22957        0.03707      560.42836       -6.95562      250.67650       10.80883        9.66306       20.47189       20.16913       10.00000       18.00323        8.00169
   550000.00000        2.96345        3.25258        0.03240      570.00226       -6.96164      251.36696       10.87275        9.72021       20.59296       20.34174       10.00000       18.07656        8.07529
   600000.00000        2.98253        3.27168        0.02814      578.01140       -6.96698      251.93831       10.92567        9.76752       20.69318       20.48458       10.00000       18.13696        8.13591
   650000.00000        2.99838        3.28755        0.02431      584.70698       -6.97168      252.41167       10.96952        9.80673       20.77625       20.60292       10.00000       18.18682        8.18595
   700000.00000        3.01155        3.30074        0.02092      590.30136       -6.97579      252.80426       11.00591        9.83925       20.84516       20.70106       10.00000       18.22804        8.22732
   750000.00000        3.02250        3.31170        0.01793      594.97360       -6.97935      253.13012       11.03611        9.86626       20.90237       20.78253       10.00000       18.26217        8.26157
   800000.00000        3.03161        3.32082        0.01532      598.87429       -6.98243      253.40078       11.06121        9.88869       20.94990       20.85020       10.00000       18.29045        8.28996
   850000.00000        3.03919        3.32841        0.01305      602.12988       -6.98509      253.62573       11.08207        9.90734       20.98941       20.90643       10.00000       18.31392        8.31352
   900000.00000        3.04550        3.33473        0.01110      604.84640       -6.98736      253.81278       11.09942        9.92285       21.02227       20.95319       10.00000       18.33341        8.33307
   950000.00000        3.05075        3.33999        0.00942      607.11267       -6.98931      253.96836       11.11385        9.93575       21.04960       20.99209       10.00000       18.34960        8.34932
  1000000.00000        3.05512        3.34437        0.00797      609.00301       -6.99097      254.09783       11.12586        9.94649       21.07235       21.02446       10.00000       18.36306        8.36282
  1050000.00000        3.05876        3.34802        0.00674      610.57956       -6.99238      254.20558       11.13586        9.95543       21.09129       21.05140       10.00000       18.37425        8.37405
  1100000.00000        3.06180        3.35105        0.00569      611.89427       -6.99358      254.29529       11.14418        9.96287       21.10705       21.07382       10.00000       18.38356        8.38340
  1150000.00000        3.06432        3.35358        0.00480      612.99052       -6.99459      254.36999       11.15111        9.96907       21.12018       21.09250       10.00000       18.39131        8.39117
  1200000.00000        3.06643        3.35569        0.00404      613.90455       -6.99545      254.43220       11.15688        9.97423       21.13111       21.10805       10.00000       18.39776        8.39764
  1250000.00000        3.06818        3.35745        0.00340      614.66659       -6.99618      254.48401       11.16169        9.97852       21.14022       21.12100       10.00000       18.40313        8.40303
  1300000.00000        3.06965        3.35891        0.00286      615.30188       -6.99679      254.52718       11.16570        9.98210       21.14780       21.13179       10.00000       18.40760        8.40752
  1350000.00000        3.07086        3.36013        0.00240      615.83149       -6.99731      254.56313       11.16903        9.98509       21.15412       21.14078       10.00000       18.41132        8.41126
  1400000.00000        3.07188        3.36115        0.00201      616.27298       -6.99774      254.59309       11.17181        9.98757       21.15939       21.14827       10.00000       18.41443        8.41437
  1450000.00000        3.07272        3.36199        0.00169      616.64099       -6.99811      254.61805       11.17413        9.98964       21.16378       21.15451       10.00000       18.41701        8.41696
  1500000.00000        3.07343        3.36270        0.00142      616.94776       -6.99842      254.63885       11.17606        9.99137       21.16743       21.15971       10.00000       18.41916        8.41913
  1550000.00000        3.07401        3.36329        0.00119      617.20346       -6.99867      254.65618       11.17767        9.99281       21.17048       21.16404       10.00000       18.42096        8.42093
  1600000.00000        3.07450        3.36378        0.00099      617.41660       -6.99889      254.67062       11.17901        9.99401       21.17302       21.16766       10.00000       18.42245        8.42242
  1650000.00000        3.07491        3.36419        0.00083      617.59425       -6.99907      254.68266       11.18013        9.99500       21.17513       21.17066       10.00000       18.42370        8.42367
  1700000.00000        3.07525        3.36453        0.00070      617.74233       -6.99922      254.69268       11.18106        9.99584       21.17689       21.17317       10.00000       18.42473        8.42472
  1750000.00000        3.07554        3.36481        0.00058      617.86575       -6.99935      254.70104       11.18183        9.99653       21.17836       21.17526       10.00000       18.42560        8.42558
  1800000.00000        3.07577        3.36505        0.00049      617.96862       -6.99946      254.70801       11.18248        9.99711       21.17959       21.17700       10.00000       18.42632        8.42631
  1850000.00000        3.07597        3.36524        0.00041      618.05436       -6.99955      254.71381       11.18302        9.99759       21.18061       21.17845       10.00000       18.42692        8.42691
  1900000.00000        3.07613        3.36541        0.00034      618.12583       -6.99962      254.71865       11.18347        9.99799       21.18146       21.17966       10.00000       18.42742        8.42741
  1950000.00000        3.07627        3.36554        0.00028      618.18539       -6.99968      254.72268       11.18384        9.99833       21.18217       21.18067       10.00000       18.42784        8.42783


